FAIDs
249110636
249150962
249131400
249105321
249174798
249166885
249102930
249142787
249137431
249140542
249094491
249168204
249167172
249105487
249148974
249111154
249102278
249164476
249154915
249134776
249124363
249137019
249118803
249138942
249119439
249163320
249149071
249108010
249107376
249153974
249126442
249146358
249170127
249134107
249165044
249157009
249133117
249097833
249165465
249114224
249123233
249120635
249162447
249129347
249139338
249126590
249130162
249125287
249115007
249152653
249148453
249140534
249141243
249106725
249148834
249102757
249152000
249162389
249161621
249095779
249141441
249175464
249138603
249170069
249165291
249170713
249100298
249151069
249106097
249128125
249143496
249131707
249159484
249145236
249147182
249154790
249127226
249162215
249173881
249168089
249156787
249168022
249164062
249109349
249139858
249176645
249125949
249099698
249127465
249151010
249145954
249160623
249148818
249148875
249120700
249142662
249160441
249126152
249161456
249098963
249123126