FAIDs
248562704
248572299
248568446
248537292
248537334
248543290
248537516
248544298
248538167
248544322
248544363
248547176
248545519
248540973
248566523
248552317
248552374
248546806
248546863
248546921
248541716
248543902
248543951
248543977
248565921
248546319
248536880
248544991
248536906
248537060
248545071
248557662
248546038
248546061
248546087
248544645
248544694
248544744
248544769
248538704
248538746
248557159
248534604
248541641
248535098
248564601
248557290
248557324
248545626
248553398
248555963
248542078
248564635
248549065
248549073
248542847
248551723
248541773
248569725
248569733
248538571
248547515
248538597
248547622
248562084
248556722
248556003
248540825
248547952
248547960
248547994
248542235
248542417
248542482
248542540
248551483
248551517
248541559
248547309
248549735
248541112
248536484
248551301
248536492
248541120
248554545
248554578
248537102
248538258
248538332
248554933
248542912
248554958
248542961
248555005
248555013
248545832
248550246
248550261
248539694




























