FAIDs
249070855
249071663
249072265
249072521
249072562
249072976
249073404
249074741
249075102
249075557
249075995
249076837
249077561
249078114
249079419
249080417
249082066
249086802
249086919
249087701
249087727
249088626
249090226
249090549
249093469
249096389
249097650
249098815
249099334
249100207
249106170
249106261
249108101
249110263
249055427
249088485
249056599
249062050
249062704
249066648
249067232
249068065
249082330
249113267
249115130
249117839
249118357
249122292
249124918
249125428
249125477
249057464
249090457
249070434
249064981
249085986
249065814
249072547
249074170
249100173
249070822
249078056
249097668
249053703
249054511
249054842
249055112
249055138
249055153
249055971
249056565
249056862
249056896
249056904
249057183
249057472
249057720
249058041
249058272
249058355