FAIDs
249058587
249058843
249059205
249060385
249060575
249060617
249060641
249061458
249061680
249061730
249061995
249062381
249062662
249062894
249063132
249063165
249063785
249063793
249064411
249064429
249064726
249064734
249066119
249066150
249066341
249066622
249066630
249066929
249067133
249067182
249067380
249067729
249067737
249068289
249068321
249068560
249068669
249068685
249068727
249069089
249069113
249069162
249069592
249069949
249070046
249070301
249070806
249070814
249071267
249071689
249071978
249072984
249073818
249073842
249073883
249074675
249074691
249075110
249075979
249077843
249079252
249079310
249081555
249082140
249084260
249084773
249085424
249086281
249086752
249088006
249092479
249095423
249097460
249098666
249100066
249100645
249101841
249102468
249106428
249110925
249111576


