FAIDs
248551590
248536963
248550394
248546012
248555211
248544835
248538795
248563975
248534596
248541591
248541617
248535064
248555476
248545618
248534646
248555971
248551954
248541963
248549057
248549081
248549123
248540536
248557076
248557100
248541781
248549974
248538589
248547598
248562050
248557373
248535379
248556730
248556748
248556771
248556813
248555997
248556011
248556029
248552093
248552135
248542110
248547978
248548042
248548083
248542151
248548299
248542490
248543134
248560195
248551475
248552754
248547192
248547317
248547333
248541096
248543688
248546467
248546509
248536567
248554701
248554727
248561458
248553661
248553695
248538225
248538274
248542938
248539918
248542979
248542987
248557597
248545865
248545915
248545923
248552499
248552531
248543498
248537532
248543530
248553380
248536658
248541252
248541351
248559528
248539413
248535593
248539579
248548521
248551061
248551095
248539017
248539066
248554172
248554198
248567158
248537920
248554370
248556342
248553331
248535742