FAIDs
248548059
248556847
248542219
248540924
248548125
248548174
248542474
248542557
248560161
248551467
248552978
248550162
248552861
248547325
248549594
248549701
248551269
248541153
248536575
248554743
248561466
248538241
248538308
248554925
248542946
248554974
248545873
248537805
248550170
248550196
248550220
248543399
248543407
248551129
248553448
248536641
248541310
248548596
248548604
248550535
248550667
248559494
248541831
248539421
248539504
248548414
248548448
248539629
248539652
248546715
248539041
248539058
248554149
248542243
248542276
248567190
248558306
248537912
248537953
248554347
248554362
248556276
248556441
248553273
248553315
248535726
248535734
248542698
248532947
248548869
248548893
248539165
248534885
248534935
248537318
248537359
248537458
248553836
248549834
248549891
248555351
248543282
248555401
248537474
248555955
248544389
248547093
248547119
248540940
248534232
248555781
248555815
248544124
248552416
248543563
248541732
248536187
248543852
248565905
248546384