FAIDs
249062092
249069758
249097528
249069154
249069923
249082009
249068305
249069634
249075136
249094004
249113994
249100470
249119918
249121559
249053398
249055088
249055419
249056011
249056292
249056318
249057118
249057175
249057381
249058058
249058306
249058330
249058348
249059197
249059411
249059478
249059767
249059783
249059999
249060336
249061151
249061672
249061755
249061763
249061789
249061805
249062035
249062373
249062407
249062647
249062688
249062910
249063181
249063488
249063504
249063827
249064007
249064015
249064650
249064700
249065004
249065012
249065251
249065467
249065517
249065525
249065822
249066093
249066358
249066382
249066416
249066440
249066986
249067299
249067430
249067513
249068040
249069097
249069105
249069253
249069543
249069907
249069980
249070020
249070442
249070848










