FAIDs
248552960
248553497
248546657
248541203
248536674
248548612
248550683
248559536
248559585
248552762
248539454
248539520
248548406
248548422
248539595
248548489
248548513
248535601
248546731
248546749
248535643
248535668
248535676
248554057
248554081
248558207
248558231
248558835
248554289
248556391
248556474
248553307
248545485
248535692
248535825
248556235
248548810
248548877
248534927
248534984
248553752
248553786
248553794
248549933
248552457
248555377
248549313
248549347
248549362
248547168
248549545
248545584
248540965
248555872
248544132
248544199
248529166
248554909
248552341
248546822
248546905
248546939
248546962
248546988
248543811
248536088
248541765
248543969
248570368
248546301
248546327
248551574
248552903
248552929
248545055
248545105
248545121
248550311
248555062
248550329
248546103
248539686
248555138
248555187
248550485
248544710
248544827
248558918
248547671
248547721
248538803
248557167
248535080
248555450
248555500
248545592
248551343
248551970
248549099
248540346
248540452
248540551
248570996
248534497
248569741
248547549
248547556
248538639
248556797
248552069