FAIDS
248991440
248989097
248993727
248992075
248990954
248989329
248987901
248993768
248992984
248993156
248984973
248991606
248991218
248990061
248987711
248985939
248990210
248994170
248991374
248997132
248997678
248988446
248992125
248995037
248990467
248985814
248987794
248994907
248994790
248988701
248990558
248988792
248987281
248989683
248995631
248993222
248992828
248984486
248990368
248993602
248988693
248986036
248992174
248995532
248992844
248990574
248989006
248987224
248991572
248993164
248993313
248988347
248985004
248994949
248986895
248989659
248985947
248991382
248992372
248987513
248994733
248994329
248985848
248992059
248994642
248997694
248990947
248995649
248989923
248991838
248986333
248994105
248994931
248992752
248994782
248990129
248983868
248991200
248986432
248996415
248993743
